i	xhat	x_rek	x_srk	x_gerk_ad	x_gerk_bd
1	0	0.776279785204925	0	0	0
2	0	1.42985029846761	0.440706125043556	0.835336582000933	0
3	0	0.278050514018082	0.617857267865668	0.38601000378349	0
4	0	1.13517259000597	0	0	0
5	0	1.81446623841993	0.89093204482567	0.847816318109356	0
6	0	0.800859868382269	0	0	0
7	0	1.08426366306391	0.60163291942389	0.662297320154815	0
8	0	0.511710603780127	0	0.276103530772122	0
9	0	1.17971446423939	0.0077560205732361	1.11922928100244	0.00181924876795847
10	1.7419403153994	1.60473874307154	2.67660878176466	2.38711083401594	1.74024994638823
11	0	0.425872585427041	0.968230378347496	0.748261209848344	0
12	0	1.53764274119296	1.4341163742054	1.07279046440364	0
13	0	1.54317651617176	0.756657943159036	1.57336579459146	0
14	0	1.29083955917343	0.190359403072392	0	0
15	1.25388906933563	0.60517421252632	0.770586546702287	0.457576687804881	1.25377731133442
16	0	0.305290688909039	0	0	0
17	0.58099996081203	1.66650285641652	2.03816133377315	1.11392773538301	0.581201481991682
18	0.266722381936375	1.06276382719746	1.23733350585027	1.12276313977618	0.266394905222512
19	0	1.52315539338402	1.59921939200811	1.74874573048978	0
20	0	0.236338871497369	0	0	0
21	0	0.608928025865263	0.798709090366605	0.501859549036185	0
22	0	0.740326194398009	0	0.148146828161389	0
23	0	1.07642963738774	0.399955043638732	0.3957957434259	0
24	0	1.38862655359053	0.517388304264264	0.349624887134114	0
25	0	0.970656737189132	1.41654022538482	1.33106246908835	0
26	0	1.28085676349819	0.495525357087613	0.86419076680993	0
27	0	1.25828142285753	1.35958449267921	1.59922143608159	0.000126509157540866
28	0	0.563721118256125	1.08581639864319	0.319818204105958	0
29	0	1.23882425392689	1.34571569355805	0.777093613203556	0
30	0	0.59018647299702	0	0	0
31	0	0.539995698849402	0	0	0
32	0	0.425477450472016	0.520522780853204	0.427430038195666	0
33	0	0.234604619535061	0	0	0
34	0	0.457579592092662	1.36817743680577	0.68553924412771	0
35	0	1.4554270618838	1.2788764383126	1.23438185559902	0.00126816762358217
36	0	1.5605440042606	0.829790624468879	0.559797628095023	0
37	0	0.415544635757638	0.279173581795169	0.230425600045308	0
38	0	0.126877013562524	0	0	0
39	0	0.744705994074664	0.851418443873138	0.268023253793947	0
40	0	0.420476204468841	0	0	0
41	0	0.383046772379807	0	0	0
42	0	0.782282867703265	0.811299166334262	0.819773484400702	0
43	0	1.9207360086272	1.67493066787453	1.56032798296907	0
44	0	2.01706023809976	0.938104508765388	0.746530831988839	0
45	0	0.747272223549355	0.00545026122594727	0.745265763036851	0
46	0	0.531702953567797	0	0.0777899436122045	0
47	0	0.94714460941518	0.269301925619693	0.12092520378968	0
48	0	1.00787994176288	0.926643785530814	1.33064502975106	0
49	0	0.652146338553842	0	0.0561342527259274	0
50	0	0.816530452401398	0	0.0663451919789342	0
51	1.65736989447702	0.888413611027283	1.48807674017685	1.23087724944517	1.65842084140106
52	0	0.194154333876827	0	0	0
53	0	0.911056215243549	0	0	0
54	0	0.390230807018105	0.00255830287974845	0.244011259732167	0
55	0	0.240825420974699	0.494771116939834	0.284047144098766	0
56	0	0.539973770059835	0.425985122460469	0.228085138723285	0
57	0	0.526915236507424	0.662542289619587	0.606935553789956	0
58	0	0.982657218404575	0.96923797388391	0.616850727963664	0
59	0	1.19939781439028	0	0	0
60	0	1.2967623200553	0.76756769605274	0.772209767266004	0
61	0	0.695897529900891	0	0	0
62	0	1.2295233701628	0.552711819957876	0.86639119919189	0
63	0	0.565967983305554	0	0.32956925213959	0
64	0	2.13522505464391	1.5622887534578	2.26709051891737	0
65	0	0.813317822016723	0	0	0
66	0	1.00991559507135	0.429832577228092	0.693657263952751	0
67	0	0.834526761109892	0.590018783891685	0	0
68	0	0.249996734458875	0.511068200838762	0.272119033018635	0
69	0	0.598718696969879	0	0.563768173710589	0
70	0	0.756677353022075	0	0	0
71	0	0.837775216058698	0.43882958209244	0.568312913008667	0
72	0.777802457317656	1.45987070403444	2.59854357197628	2.08504823866342	0.777163670026177
73	0	0.65711631398986	0	0	0
74	0	1.46959068817659	1.92898955721681	1.09850959017796	0
75	0	1.37344389922137	0.0334977252400463	0.348358749838919	0
76	0	0.424582666515482	0	0.180092498790495	0
77	0	1.1463947675056	0	0.889272651681825	0
78	0	0.581795549907401	0	0	0
79	0	0.406545132121748	0	0	0
80	2.00455648104479	1.40279776985058	0.604587316019359	0.868991385641761	2.00408490251051
81	0	0.427865859490675	0	0	0
82	1.40412079567399	2.12342869726654	2.36432155575501	1.8770557328993	1.40582789734428
83	0	0.500631755303865	0	0	0
84	0	0.160599379655963	0	0.0711434178299193	0.000698692296712267
85	0	0.879686718246271	0.346898014528593	0.361796847385495	0
86	0	0.388078606870752	0	0	0
87	0	0.777231052539475	0.805357655131115	0.454491915385731	0
88	0	1.14180212582501	0.283805495429458	0.506953076284612	0
89	0	0.762642200570915	0.6957450477589	0.535722829963028	0
90	0	0.0975704169200223	0	0	0
91	0	1.47697561311887	1.308785440647	1.60842496909122	0
92	0	0.858744256718163	1.07558243823776	0.686169242659297	0
93	0	0.393120623845348	0	0	0
94	0	1.01631038704556	0	0	0
95	0	0.493833578263758	0.743659250549268	0.321322526738422	0
96	0	0.826893899888308	0.81998405580725	0.259969063966031	0
97	0	1.3014513129068	1.30599656054951	0.586681392416887	0
98	0	0.987951682835994	1.16033518773163	1.19603130160836	0
99	0	0.517546579277257	0.555924151633704	0.00545819612731435	0
100	0	0.294951398668783	0.0360706195276688	0.155737417339765	0
101	0	1.38449999655761	0.935022418746794	0.6976755060697	0
102	0	0.517575486909135	0.408109977366802	0.805824064043659	0
103	0	1.06078007431612	0.930238281934885	0.47467858676103	0
104	0	0.715213105034624	0.556603940072925	0.138420385807745	0
105	0	1.18717362667003	0.684702908249459	0.940738149386028	0
106	0	0.794925724323361	0.274664421137942	0.348660192519061	0
107	0	1.46560289859913	1.73733454818001	1.22635841482573	0
108	0	0.590990965261901	0	0.217821353142959	0
109	0	1.31113115276978	0.86649979619329	0.658960932013176	0
110	0	1.31629560260994	1.21303766682858	1.3238349675781	0
111	0	0.193170420532023	0	0	0
112	0	0.636930533822305	0	0	0
113	0	0.578047312100406	0	0	0
114	0	0.695022166719774	0	0	0
115	0	1.03202758410458	1.02679993656849	1.28249960899473	0
116	0	0.269040098482833	0	0	0
117	0	1.29962403008045	0.904736591226012	0.94739763232203	0
118	0	1.22067111262104	0.510422266907547	0.457671814353482	0
119	0	0.218479625609216	0.107020392215453	0.28845839048283	0
120	0	0.432685923380609	0	0	0
121	0	0.447276435031777	0	0	0
122	0	1.03842210268141	0	0.506533512387698	0
123	0	0.722870534826138	0	0	0
124	0	1.24391429212985	0.163487171884245	0.430034537394082	0
125	0	1.20674966215471	0.352461346979061	0.688454402420405	0
126	0	0.497717445540274	0.204546760163678	0.624943689753224	0
127	0	1.23971701556627	1.15846609628748	0.941177511807133	0
128	0	0.250387269176216	0	0	0
129	0	1.20448726988555	1.67850374055499	1.21799855363644	0
130	0	0.506616502688028	0	0.305162347632704	0
131	0	1.78929402903936	1.31440129160563	1.60954950796486	0
132	0	0.588358042046088	0	0.183003252541733	0
133	0	0.106052464920091	0	0	0
134	0	1.06475838931631	0	0	0
135	0	0.800563605784316	0.955996584623096	1.21164127517949	0
136	0	1.39455576011585	1.35090550278174	1.35850835617523	0
137	0	0.503907802102145	0.864110123771603	0.690921479637424	0
138	0	0.681397933508008	0.258742315862074	0.954837382775969	0
139	0	1.33900683879313	0	0.15297661806359	0
140	0	0.811355429244007	0.161769019331921	0.627842717648227	0
141	0	1.38847186610054	0.944139848528403	1.19384525947943	0
142	0	1.01071934500829	0.764690756104956	0.84508376789657	0
143	0	1.18036940620099	1.30013619021515	1.01504027375933	0
144	0	0.977039049294004	0	0.015430699116898	0
145	0	0.450495293318076	0.157421580482117	0.19954968125786	0
146	0	0.417062498203199	0	0	0
147	0	0.337628122309235	0	0	0.000165080610452506
148	0	0.9252783829061	0	0	0
149	0	0.793192646767509	0	0	0
150	0	0.329815127287744	0.377443503953289	0	0
151	0	2.18075613219113	3.07196507802229	2.02855833071905	0
152	0	1.27224999172689	1.42262219812218	1.03432439164938	0
153	0	1.22709927641636	0.939336896171051	0.624137668546812	0.000884045593920746
154	0	1.09930304833134	0.974424839165245	1.27091873225657	0
155	0	1.03847837571325	1.81575734684385	1.19264215901047	0
156	0	0.95441039005048	0.952039513987229	1.08248298511594	0
157	0	1.10013563496725	0.577168290040223	1.07185736988553	0
158	0	1.44407073011524	0	0	0
159	0	0.392175734729302	0	0	0
160	0	1.51514480611109	0.282707923010474	0.141716306482795	0
161	0	0.576315303976399	0	0	0
162	0	0.694064728190515	0	0	0
163	0	0.221890527022789	0.606737388383836	0.393662676295165	0
164	0	0.504491260606138	0	0	0
165	0	1.11001809610827	0.817973497251392	0	0
166	0	0.273101007125425	0	0	0
167	0	0.417108255821308	0.730992669970661	0.223349102205121	0
168	0	0.839457541977399	0	0.237243410211731	0
169	0	0.942869779264764	0.411495780979628	0	0
170	0	1.35250519041075	1.51435934688934	2.00908644171198	0
171	0	1.00761795677897	1.58767756868519	0.672758399879912	0
172	1.6340364126703	1.15740521985899	1.61002020052885	2.00076996218225	1.63359907495101
173	0	1.57888431052843	0.360515562361529	0.442202657887481	0
174	0	0.587581476411989	0	0.236227274728055	0
175	0	0.683169366358712	0	0	0
176	0	0.668997305953092	0.637736167946826	0.535697757147995	0
177	0	1.11548389838332	1.24226726908051	1.01273932285724	0
178	0	0.982850383561777	0	0.48845104815263	0
179	0	0.658193306378488	0.543390911712798	0.719745499898311	0
180	0	0.312238992589786	0.735214674395555	0.840940238172118	0
181	0	0.664471984905084	0	0.348318693566148	0
182	0	1.11901261362754	1.76012252152909	1.49241226651705	0
183	0	1.02273522050779	0.346212935686665	0.391509630537874	0
184	0	1.12391702524014	0.381010249891801	0.472570906937207	0
185	0	1.13123642566925	0	0.399926112794226	0
186	0.890477893266078	0.905663268702558	0.667858511241612	0.577138724962058	0.891344112610302
187	0	0.591282409270037	0.920577539670278	0.574156224810675	0
188	0	0.740100314600618	0	0	0
189	0	1.11981028641333	0.616643264132071	0.67146736835544	0
190	0	1.80554026366102	2.18434247514414	2.18868905731025	0.00126518647402918
191	0	0.352664823850563	0	0.222038782276577	0
192	0	0.553599742253956	0.335770677333079	0.543996298552512	0.00111122476918801
193	0	0.889393227400141	0.559271725323953	0.435984823622743	0
194	0	0.455619242031851	0.108766083324324	0.302724803834391	0
195	0	1.69032198275266	1.87689751033011	1.71066713325901	0
196	0	1.81876872028631	1.13138526692255	0.886985127654274	0
197	0	0.0753152026560376	0	0.0713409054165979	0
198	0	0.538994611153204	0.0142678471018982	0	0
199	0	0.777865806829328	0	0	0
200	0	0.908274355730247	0.746816067477903	0.488025412906788	0.0010374600949401
201	0	0.303153455350699	0	0	0
202	0	0.316629133756399	0	0	0
203	0.929403835710179	1.77946377513238	1.3581525411696	1.95868621926575	0.929914206740378
204	0	1.01450104590283	0.882597191712431	1.13158777204964	0
205	0	1.10308244071751	1.01874241558109	0.727525383668681	0
206	0	0.581771864546831	0.630629137919046	0.61650648243441	0
207	0	0.377227929304701	0	0.108630561903826	0
208	0	0.699363764083132	0.183152184302736	0.0807003360226624	0
209	0	0.276817288314264	0.0984325691310861	0	0
210	0	1.18510724966254	0.0179062595052351	0.506161603030586	0
211	0	0.703261007606004	0.676806067141039	0.71905251745425	0
212	0	0.821952959773754	0.494244711899382	0.257048657271012	0
213	0	0.0902719061188827	0	0.180223449525322	0
214	0	0.608778600207424	0.255498478625611	0.0194436463084831	0
215	0	0.523613815647232	0.387308813604068	0	0
216	1.98859336759061	1.35522701733462	1.63787677232844	1.82909336900549	1.98947505444677
217	0	1.16747640283912	1.32965029124969	0.809332867870438	0
218	1.18825266147012	1.3436550880324	1.41825883488182	0.717399970514428	1.18797306321768
219	0	0.985040215241522	0.973187793037381	0.874598308855926	0
220	0	1.02014031353874	0	0.317669855370402	0
221	0	0.2253499198438	1.27430165371878	0.895228160396099	0
222	0	1.49130454952971	1.01264652846453	1.37818541119913	0
223	0	1.65843721135166	1.76956160372807	1.8379148313692	0
224	0	0.664894230278433	0	0	0
225	0	0.48039990269746	0.829075731611923	1.27549861884722	0
226	0	0.611331269242218	0.627806842772753	0.878498595037844	0
227	0	0.341437162999216	0.517496123658235	0.47495307636725	0
228	0	0.442335319426982	0	0	0
229	0	1.03446855677994	0	0.319854394500268	0
230	1.40819633430067	0.565648031246882	1.52344993921655	1.26527309073037	1.40477001575238
231	0	0.751142852226769	0.826298994524485	1.1467830809213	0
232	0	0.43631392318828	0	0	0
233	0	0.982156699670283	0.421671971538848	0.145804791626551	0
234	0	0.629461783443642	0	0.153093395599582	0
235	0	1.38639884931054	1.88233158152274	1.83786014353647	0
236	0	0.315210814940072	0	0	0
237	0	1.05530358300466	0.353023260399283	0.362931700120809	0
238	0	0.678312465681072	0.285331718481585	0.447917055620975	0
239	0	0.306990021387235	0	0	0
240	0	1.41499774591026	2.30041545000697	1.78174059400062	0
241	0	0.383922690613411	0	0.20209336023194	0
242	0	0.406994096349544	0.825994097069184	0.326054242589741	0
243	0	0.697186731738921	0	0	0
244	0	1.24557463463716	0.33801767479981	0	0
245	0	0.881396525966436	0.414205990714514	1.15438306371605	0
246	0	0.545967543292467	1.00910229797911	1.02282372966874	0
247	0	1.4491302639652	1.41328376921962	1.07158775831499	0
248	0	1.21299315127631	1.6863588516314	1.64827746633751	0
249	0	1.08689725728904	0	0.116504223082222	0
250	0	1.26041278512558	0.597306284837199	0.659393700063863	0
251	1.63307177773922	0.680540415552448	0	0	1.63282178685908
252	0	0.93705360919867	0	0	0
253	0	0.681576371352705	0.382972743282014	0.591883785935313	0
254	0	1.37136131315099	0.19570315229587	0	0
255	0	0.754536662876752	0.208636449488413	0.822050734323073	0
256	0	0.620286705626214	0.0246598881471254	0.290732159581482	0
257	0	0.258978044488213	0	0	0
258	0	1.02746754818531	0.583186509329002	0.43381597348935	0
259	0	0.666372088079147	1.2133062532424	0.599647706434542	0
260	0	0.330278780502743	0	0	0
261	0	0.463527343179773	0	0	0
262	0	0.992175261856831	0.808672148363369	0.199650669027895	0
263	0	0.903258861588071	0	0	0
264	0	0.931686360509066	0.227608436320125	0.66055025130675	0
265	0	0.147842416925496	0	0	0
266	0	0.446695541629654	0.402003995703593	0	0
267	0	0.173279709837709	0	0	0
268	0	0.648227754354169	0.435918642024061	0.12493843468784	0
269	0	1.47128648257204	1.05109145819102	1.06991279691251	0
270	0	0.728282944360885	0.445290827265042	0.280312981610702	0
271	0	0.478651193504944	0	0	0
272	0	0.738054338116658	0	0	0
273	0	0.29867198868311	0	0	0
274	0	0.478740817889685	0	0	0
275	0	1.23560742811579	0	0	0
276	0	0.518150923634443	0.201732041055504	0.59953400179338	0
277	0	0.399298739631127	0.864341940020079	0.563018786197846	0
278	0	0.604618892632513	0	0	0
279	0	0.800770847299583	1.53338383584739	0.374937657851785	0
280	0	0.690274933490896	0	0	0
281	0	0.977416051356641	0.728759665187617	0.494406902241206	0
282	0	0.758620974037067	0.338689437422731	0.214393915970717	0.000125959420978816
283	0	0.732359248016757	0	0	0
284	0	0.860270839223067	0.539035150456801	0.730441095388144	0.00060447566787758
285	0	0.293190681550751	0.061817027471168	0.110966837394621	0
286	0	1.28268826860238	0.716002878408728	0.756480142074397	0
287	0.79253250136705	0.862200825666233	0.970494264505527	0.71930007085821	0.794114821265277
288	0	0.130506664861222	0	0	0
289	0	0.690027177276001	0.659687858660126	0.356056164940654	0
290	0	0.916910250500579	0	0	0
291	0	0.475535502870645	0	0	0
292	0	0.875035604699739	0.172890927647026	0.670126050180679	0
293	0	1.42718985261377	0.82587217527024	1.33482188748976	0
294	0	0.604723218657999	1.0047297565569	1.10001318341308	0
295	0	0.665254439534428	0.31554339490091	0.169119634013517	0
296	0	0.361991900748053	0	0	0
297	0	0.718885082059351	0	0	0
298	0	0.309466193790829	0	0	0
299	0	0.990536382404442	0.351233999522851	0.411362224438621	0
300	0	0.133128579109915	0	0.104098039492888	0
301	0	0.912739593574485	0.480454928525688	0.308345247100284	0
302	0	1.13404278858631	0.655448290700274	0.369552964467985	0
303	0	0.467036252382529	0	0	0
304	0	0.722300326410825	0.653372538917464	0.264847329814165	0
305	0.797103128518414	1.49116020017074	1.46461369032161	1.50191116961851	0.797457592673917
306	0	0.652678044548929	0.769813292422761	0.065917978481604	0
307	0	0.67836601760651	0	0	0
308	0	0.288258930225182	0	0.274426255963284	0
309	0	0.692431833426242	0	0.257494764025463	0
310	0	0.840550093147818	0	0	0
311	0	0.475296772723362	0	0	0
312	0	1.44078028694306	0.993825825455639	1.00462102547714	0
313	0	0.496374896101052	0.129380411620625	0	0
314	0	0.773160770039413	0	0.285464233683605	0
315	0	0.469469346093172	0.65475803685842	1.05980735227739	0
316	0	1.85309338616536	1.34107021278884	1.77511592464639	0
317	0	0.536655026059171	0.756400933826997	0.137188963636998	0
318	0	0.855179386652001	0	0.301504145838495	0
319	0	1.37399139764701	0.998028253051801	0	0
320	0	1.69981768986736	2.58159369314284	1.93252245379843	0
321	0	0.68360380034183	0.183686722923683	0.238447859882143	0
322	0	0.761155291272928	0	0.493447226247101	0
323	0.807509176738286	1.66726106315774	1.39860313465839	1.10511192066534	0.80830729378312
324	0	0.715904582537644	0	0	0
325	0	1.58297055430867	0.580731555424761	0.954251449532133	0
326	0	0.6011621138003	1.01416664383251	0.636262480546639	0
327	0	0.782436254078914	1.3237917394853	0.822519291208781	0
328	0	1.78649337487564	1.15618685698048	1.69181569833145	0
329	0	0.695157040769044	0.584201141717124	0	0
330	0	0.782856428704479	0.059970966227981	0.431182733994211	0
331	0	0.424189581357373	1.19178417951231	0.834712999199541	0
332	0	0.70502635771944	0	0.195124053905612	0
333	0	0.895624995547944	0	0	0
334	0	0.59708111503726	0	0	0
335	0	0.185661542376892	0	0	0
336	0	1.2800582281773	0.820749117783068	0.914662123116845	0
337	0	1.68303542567583	1.54322665428764	0.787084219167664	0
338	0	0.452695217312204	0.905952271575343	0.142023121363136	0
339	0	2.20642195160704	2.17077849344977	2.14559048830598	0
340	0	0.901441665022693	0.308568966878074	0	0
341	0	1.38022626244862	0.864261267746484	0.59858827042345	0
342	0	0.283958177176825	0	0	0
343	0	1.06227750094164	0.396980956666587	0.383430727236227	0
344	0	0.0335660050820153	0	0	0
345	0	0.730381815289802	0	0	0.000368878543415718
346	0	0.718429574746644	0.781620793758322	0.741407979451042	0
347	0	0.130181933254403	0	0.116240321715749	0
348	0	0.994856221645098	0.618507563316543	0.487023113982646	0
349	0	0.17596310920283	0	0	0
350	0	0.93548250555944	0	0	0
351	0	0.874994346489503	1.45409983763005	1.34539967513785	0
352	0	1.07984695688131	0.525377645320265	1.06012299778743	0
353	0	0.244719904727052	0	0.0155149284734151	0
354	0	0.802293408336703	0	0.112836492161819	0
355	0	0.722691157238538	0	0	0
356	1.36431817015606	0.230521061129362	0	0.257474983194681	1.364288081341
357	0	0.45756272838024	0	0.18922021472555	0
358	0	0.473076114671705	0.470938419474061	1.15079310042366	0
359	0	1.64498610875531	1.21105261752731	0.764619922816047	0
360	0	0.514742448185699	0	0	0
361	0	1.14687249608808	0.684434423381058	0.894047846396926	0
362	0	0.393576746727104	0	0	0
363	0	0.115877176076133	1.7105490291688	0.775614363366374	0
364	0	0.760623819537033	0.199692057508797	0.282690678671397	0
365	0	0.64327840510196	0.774409078090756	0.0363621223899191	0
366	0	0.183904005770097	0.53899601426234	0	0
367	0	0.669206667506131	0.127159691988558	0.586218983886104	0
368	0	0.594540943555416	0	0.0950855087185847	0
369	0	0.346362060427849	0	0	0
370	0	0.657151306296121	0.5133491062884	0.771175700498777	0
371	0	0.65268306338803	0.974428328505264	0.175507282170585	0
372	0	0.591347669244977	0	0.268432302514501	0
373	0	1.00858593122754	1.50933544746388	0.789195554738725	0
374	0	1.1259396009937	0.647172924231581	0	0
375	0	0.566704469966922	0	0	0
376	0	0.169123385500513	0	0	0
377	0	1.05735607712828	1.12386750065527	0.47131865790652	0
378	0	0.547177639998661	0	0	0
379	0	0.560245501819775	0.176510291563966	0.368619288230539	0
380	0	0.451107041740013	0	0	0
381	0	1.62745784828711	0.687537704385011	1.03900104950761	0
382	0	1.62876288977879	1.2204380800309	1.18888784254732	0.000558561577113537
383	0	0.842311317328562	0.73146967555717	0.49235543963024	0
384	0	2.09569083901504	2.44074222750475	2.13390862710596	0
385	0	0.492519836458415	0.1226321488283	0.373432661528156	0
386	0	1.88146695862163	2.04718113846945	1.3141792432538	0
387	0	1.04599755224826	0.58111530881529	0.371355612676682	0
388	0	0.353580055622298	0	0.123090065962275	0
389	0	1.08065762752387	0.418362174024525	0.634894951225974	0
390	0	1.02773688143033	0.608052006802453	0.792629616433215	0
391	0	0.670126381212511	0	0	0
392	0	0.353905945208701	0.04832609651735	0.280470355712575	0
393	0	0.684072205000459	0.345273247679852	0.961589555675125	0
394	0	0.90995522479749	0	0	0
395	0	0.298129272221005	0	0	0
396	0	0.340459368363809	0	0.182695394101268	0
397	0	1.58147091701489	0.59003621748699	0.00345699434276092	0
398	0	0.623101474445217	0.199596322000001	0	0
399	0.225849095942608	0.267293397710111	0	0	0.225989885910227
400	0	1.12265350421208	0	0	0
401	0	0.967907843488999	0.556042502562356	0.41251751470484	0
402	0	0.857692008604919	0	0	0
403	0	1.14199992334866	0.321828356097662	0.474084754063759	0
404	0	1.25478179253609	0	0	0
405	0	0.74784898019415	0.751691816461376	0.929173609634972	0
406	0	0.523050945747971	0.206440228198659	0.400481962326147	0
407	0	0.695735816444036	1.58191810793717	1.10717637166048	0
408	0	0.768950267030282	0	0.523957644343325	0
409	0	1.26181161176899	0.593913360114779	0.585000565046341	0
410	0	1.29582772465753	1.37418019348129	2.10201224494115	0
411	0	0.817493611877882	1.24368556278893	0.511718219239349	0
412	0	0.491701738882142	0	0	0
413	0	0.771349081204346	1.37725132502245	0.948061769800065	0
414	0	0.833982693814256	1.35393852004453	0.524150553878567	0
415	0	1.23042097028276	1.7749501150736	1.49011032094175	0
416	0	0.97731667541278	0	0.661007371535508	0
417	0	1.35980082965471	0	0	0
418	0	0.308823085685365	0	0	0
419	0	0.362253365054305	0	0.104731925056223	0.000141784176337367
420	0	0.693646677461133	1.02418030979517	0.328738183094025	0.000261044230729368
421	0	1.19716168449828	0	0	0
422	0	1.27728503754966	0.793607665914026	0.623882627261816	0
423	3.60202760380122	2.06355211590422	3.10031615996517	2.59271965719766	3.60088915991343
424	0	1.1336457340661	0.549715884286	0.575910068937084	0
425	0	0.476436804127975	0	0	0
426	1.11250367387963	0.0369425154192105	0.997122479309375	0.557751106510944	1.11220900762064
427	0	0.69276792109985	0.272602877207079	0.116796593714509	0
428	0	0.718354137061985	0.188278355387254	0.628277483340412	0
429	0	0.531607812486987	0	0	0
430	0	1.12050261415052	0.166881288249023	0	0
431	0	0.626582779262936	0	0.573095551839602	0
432	0	1.4908524089551	0.468847156099477	0.488720485985345	0
433	0	0.621527299269169	0	0	0
434	0	0.338588559617586	0	0	0.000389243652263005
435	0	1.14362824125854	0.368247353049004	0.235377305036682	0
436	0	0.556036570750532	0.244892683078954	0.279811943192064	0
437	0	0.750335544031754	0	0	0
438	0	0.82192480557233	0	0	0
439	0	1.09003482890899	0.287681238765783	0.576773864502126	0
440	0	1.10985944319502	0.134395982451508	0.618365895957297	0
441	0	0.877058466194541	0.885691740104157	0	0
442	0	0.565582632482126	0	0	0
443	0	1.57244259314939	0.893151926911365	1.08488452576504	0
444	0	1.51458462091556	1.46102500899701	1.78935172670945	0.000976407291695125
445	0	0.341781839907669	0	0	0
446	0	0.351623310787738	0.183228091206324	0	0
447	0	0.536277830545529	0	0	0
448	0	0.431814698813947	0	0	0
449	2.38269537524438	1.39498902579913	2.6017045764749	2.79297733310616	2.38233142498393
450	0	0.858717098504275	0	0.452017957169648	0
451	0	1.05330189956267	0.483004906855271	0.15876165403658	0
452	0	1.50852440524183	1.23918561317948	1.84468396148689	0
453	0	1.31488682418741	0.657984376020975	0.849427262964292	0
454	0	0.520115979239377	0	0	0
455	0	1.10472678546056	0	0	0
456	0	0.476540614178265	0	0.40595430056154	0
457	0	0.474437103596438	0	0	0
458	0	1.18664287000642	1.47466888026424	0.61968026078568	0
459	0	1.66760071473702	0.894858020018015	0.375082070058097	0
460	0	1.13744594600022	0.333022778483077	0.440748033704406	0
461	0	0.909552854889762	0.18319696362172	0.272252207438695	0
462	0	0.332648872229493	0	0	0
463	2.59207633561261	0.994208465173078	1.43456812918387	1.38851588628803	2.58988837811343
464	0	1.05964561279222	0.930247631931888	0.693735427044063	0
465	0	0.680247466429572	0.421953419123209	0.158621891056917	0
466	0	0.782534499904057	0.753311144183952	0.484975739692105	0
467	0	0.292986557880956	0	0	0
468	0.869240492580173	0.486719028766774	0	0	0.868241976195893
469	0	0.853429194096579	1.22555131403546	0.40381877688659	0
470	0	1.33122470416865	0.211042634550443	0.478670027988683	0
471	0	0.154364000820517	0.495410599447931	0.602919315252104	0
472	0	1.26413654116128	1.68898972064704	1.36728759107305	0
473	0	0.783137293633917	0.324306463073675	0.292934701450385	0
474	0	1.84572911456488	2.14620156455346	1.89021030275622	0
475	0	0.994525068515942	0.880606759580228	1.02516659805354	0
476	0	0.90968935788293	0	0	0
477	0	1.32726864709836	0.621239423284514	1.10052792931861	0
478	0	1.00248942844096	0.0463355572767714	0.140111951006446	0
479	0	0.842410589611292	0	0	0
480	0	1.36837801041595	1.28724873439919	1.38299719462472	0
481	0	1.06592965020168	0	0.140146535175937	0
482	0	0.358108627803008	0	0	0
483	0	1.1046506191319	0.877976669962049	1.33913611059731	0
484	0	0.469721259526664	0	0	0
485	0	0.925735090217121	0.660856261391332	1.09837429245395	0
486	0	0.84067009393531	0	0	0
487	0	1.34652096783078	0.84147747228462	0.589116750219976	0
488	0	0.0610956952503399	0	0	0
489	0	0.717071884698218	0	0.0906358137132308	0
490	0	1.14953665079715	1.10620070569959	1.02296623549638	0
491	0	1.5985918819308	1.33785002062059	1.14819049401852	0
492	0	0.802129959360153	0	0.104921345080655	0
493	0	0.749603333295691	0	0	0
494	0	1.5002945907093	0.67903430608351	0.178675869019534	0
495	0	0.76820344977069	0	0	0
496	0	1.00415920949428	0.622028213825782	0	0
497	0	0.853162971207793	0	0	0
498	0	1.55217847382395	1.27403187036481	1.1046164894338	0
499	0	0.116303155938298	0	0	0
500	0	1.56149010036829	1.17334460787615	1.2033627566971	0
