i	xhat	x_rek	x_srk	x_gerk_ad	x_gerk_bd
1	0	-0.0898153643636698	-0	-0	0
2	0	0.989003291339155	1.44409108310605	1.02476788357534	0
3	0	0.92894686999629	0.49622371066693	0.466805020574368	0
4	0	-0.590638769717585	0	0	0
5	0	0.575866652011598	0	0.0489522713316877	-0
6	0	0.0760817768432994	0	0	0
7	0	-0.195493035962473	-0.146339312780402	-0.308656082060478	-0
8	0	-0.410613731375905	0	0	0
9	0	-0.163607445677922	-0.530773450849694	-0.652007107976425	0
10	0.0380781968087268	-0.289876608752187	-0	-0	0.0224922291223866
11	0	0.591589793524191	0	0	0
12	0	-1.68744540542132	-1.09310486670787	-0.80327212053778	0
13	0	0.691359715479264	0.146618136232121	0.694742447415189	-0
14	0	-0.690213582926223	0	0	-0
15	1.92622504896627	0.729145298924083	0.995916384552006	1.49767646235879	1.92222641583004
16	0	-0.900528210141935	-0.506160942534441	-0.516558521701432	0
17	-0.0175414474590896	0.0770361743578991	-0	-0	-0.0223607335595819
18	-0.442942490939643	-0.26032591709799	-0.529332388767422	-0.707228066271265	-0.439297338864083
19	0	0.389466856754333	-0	-0.220480238344862	-0
20	0	0.254435170214083	1.65512145962046	0.792713752240529	-0
21	0	1.0867926120655	0.410415931518754	0	0
22	0	-0.807995330748142	-0.23284046454229	-0.36069142903307	-0
23	0	-0.686364224800906	-0	-0	-0
24	0	1.02305667253311	0.585251408347542	0.637946251885236	0
25	0	0.161100303703415	-0	-0	0
26	0	0.268186552829995	0	0.0187406003689663	-0
27	0	0.732063798200232	0	0	0
28	0	-0.293161280930921	-0	-0	0
29	0	-0.781623636134401	-0.904952558176923	-0.572930541283011	0
30	0	0.443166436867152	0	0.814825792906099	0
31	0	-0.674232611371509	-0.204240270283876	-0	0
32	0	0.158856847533873	0	-0	-0
33	0	0.561686937049871	1.11124094879854	0.311222989103021	-0
34	0	0.463637115619925	0	0	-0
35	0	-0.107735530460504	0	0	0
36	0	-0.214327246286671	0	-0	0
37	0	-0.855858786817897	-1.22229094939559	-0.453343060755257	-0
38	0	1.90462179229699	1.64968378234116	1.7902077888563	0
39	0	0.723334346236005	0	0	-0
40	0	-1.28104695233033	-0.524122781799775	-0.641457508160091	-0
41	0	-1.23477140471306	-0.1773803739325	-0	0
42	0	-0.724105953026198	-0.590196645889034	-0.379144710142565	-0
43	0	0.391386561500528	0.575129017933488	0.353683909255246	0
44	0	-0.230828523317074	-0	-0	-0
45	0	-0.153278094888902	0.149214054162179	0	-0
46	0	-1.28734438709017	-1.7845967887488	-1.63482807732648	-0
47	0	0.250093520945662	-0	-0	0
48	0	-0.328500870621998	-0	-0.00655408926395751	-0
49	0	-0.145581368154187	0	0	-0
50	0	0.465520424764266	0.673161068224275	0.480156453585533	0
51	0.750849442057728	-0.578623165536851	0	0	0.747881957586166
52	0	-0.319714485175442	-0	-0	0
53	0	1.27787214594466	1.10006628564683	1.12510792813463	-0
54	0	-0.253531480945382	-0	-0	-0
55	0	-0.729094724553701	-1.42249255732946	-1.19264935443685	-0
56	0	0.570379614834768	0.23141026700595	0.407356223211686	-0
57	0	-0.388130686164476	0	0	-0.00213795445850806
58	0	0.357493817570929	-0	-0	-0
59	0	1.05559552132584	1.07556617966124	0.888191329925052	-0
60	0	0.674997475585727	0	0	-0
61	0	-0.255410965842258	-0	-0.332244902334404	-0
62	0	-0.522644243622697	-0.472059204498994	-0	-0
63	0	-0.737125978618836	-0	-0	0
64	0	0.722066035834948	0	0	-0
65	0	0.33189625694253	0	0.00681235714646888	0
66	0	-0.0253757830905433	-0	-0.380926089401145	-0
67	0	0.263735660381163	1.60380856453773	0.889734191524422	0
68	0	0.00906135842561581	-0	-0	-0
69	0	-0.32259266962239	-0.866150331438686	-0.282686666711379	0
70	0	0.497384894126294	0.636274872471866	0.519688428817089	-0
71	0	0.114882741795555	0.479495478928269	0	0
72	0.078665361111307	0.139990509662006	-0	-0	0.0774056078370098
73	0	1.33737426303804	1.15603527233364	0.717547264887848	-0
74	0	-0.232037407996121	-0	-0	0
75	0	0.229208061040759	0	-0	0
76	0	0.704891831238682	0	0	0
77	0	-0.378241689167551	-0	-0	0
78	0	-0.485961723672886	-0.0951630459628046	-0.0939994799922967	0
79	0	-1.09229243019137	-0	-0	-0
80	0.108547671699379	-0.465107944554691	-0	-0	0.110794361084002
81	0	0.141037988584387	-0	-0	-0
82	1.01093813038507	1.57142420377805	1.15263072852735	1.40635992106814	1.00888082062901
83	0	0.0863558621879389	0.543470901105977	0.329845776568428	-0
84	0	0.436916517591666	0.0157807026633456	0.219988009777154	0
85	0	0.740190272972841	0	0	0
86	0	-0.638573727450547	-0	-0.251507825151288	-0
87	0	-0.51390109510985	-0.050732682479941	-0	-0
88	0	1.28827084059226	-0	-0	-0
89	0	-0.060001544427875	-0	-0	-0
90	0	0.586335571010731	0	0	0
91	0	-0.279699211353857	0	-0	-0
92	0	0.310750743586217	0.233964253144363	0.327135560923837	-0
93	0	-0.13961953211694	-0	-0	0
94	0	1.12295110280874	0	0	-0
95	0	-0.0879064438901893	0	0	0
96	0	0.403979521184843	1.18149029625247	0.327019714412085	0
97	0	-0.73459512770828	-1.11551625879469	-0.630847523892429	-0
98	0	0.208803668608053	-0	-0	0
99	0	0.497972568996906	0.186482979055821	0.516470708008713	-0
100	0	-0.439581442416655	-0.30786969718897	-0.363526247056429	0
101	0	-0.560641432269268	0	0.0942999464665366	0.00211194014991634
102	0	-0.867054657752686	-0.467288686470402	-0	0
103	0	0.158691095249522	-0	-0	-0
104	0	-0.133094304241497	-0.395494578105954	-1.08251070927654	0
105	0	-0.266924693511202	0	-0	0
106	0	0.576313850819403	0	0.0222678316990983	0
107	0	-0.269031166682	-0	-0	-0
108	0	0.11629261940151	0	0	0.0045032066888524
109	0	0.00638178115888235	0	0.331367769932116	0
110	0	0.300889826054132	-0	-0	-0
111	0	0.897473794631161	0	0	-0
112	0	0.522075565307549	0.969474730043618	0.52162981925748	0
113	0	-0.598109867389958	-0	-0	0
114	0	0.0125639807417122	0	0	0
115	0	-0.369700825474491	-0	0	0
116	0	-0.315771747785097	0	0	-0
117	0	-0.12299294581617	-0	-0	0
118	0	-0.514862598174108	0	0	0
119	0	1.0611369455643	0.307639612572139	1.10076933460378	0
120	0	-0.261419838897179	-0	-0	0
121	0	-0.0600837256939822	0	0	0
122	0	-0.470231470202919	0	0	-0
123	0	-0.100220557253525	-0	-0	0
124	0	1.13355828874648	0.981324907953963	0	0
125	0	0.43087716364301	1.64127664159839	0.83968115335972	-0
126	0	-0.314990311851159	-0.83077234105102	-0.783184047205761	-0
127	0	-0.0663470569251169	-0	-0	0
128	0	0.00993563708243443	-0	-0.0951529345866042	0
129	0	0.706188270729261	0	0	0
130	0	-1.13340126664056	-0	-0	-0
131	0	-0.33661411863237	-0	-0.361764509792893	-0
132	0	0.253323401324432	0	0	-0
133	0	-0.493968632567069	-0	-0	-0
134	0	-0.271632239987023	0	0	-0
135	0	0.0393450272728881	-0	0	-0
136	0	0.439967210266528	0	0	0
137	0	-0.75093195047006	-0.725898120123853	-0.407093115154307	-0
138	0	-1.02203384886921	-0.0193274509871575	-0	-0
139	0	-0.679056390563774	0	-0	-0
140	0	-0.923023785707722	-0	-0	-0
141	0	-0.7656584612581	-0	-0.119667255138815	-0
142	0	0.69299859439271	0	0	0
143	0	0.168022892342344	0	0	0
144	0	0.10924621499508	-0	-0.204467823008523	-0
145	0	1.81541742604037	1.98706323883776	1.27600992606337	-0
146	0	0.00330755476328667	-0	-0	-0
147	0	-0.0195284482594184	0	0	0
148	0	-0.584049014206454	-0	-0.271909420875749	-0
149	0	-0.93760220228354	-0.46963220846072	-0.461841259603103	0
150	0	-0.422269411865348	0	0	0
151	0	0.73461053315818	0.61843014952589	0.696127641492009	0
152	0	0.941840828841639	0	0	0
153	0	0.326503641078755	-0	-0	-0
154	0	-0.0939206384934514	0	0.351137066405521	0
155	0	-0.387833400598469	-0	-0.297947345387088	-0
156	0	-0.00360883376055713	0	0	0
157	0	-1.04213711856601	-0.204937080780086	-0.396755234805378	0
158	0	0.19840957239789	0	0	0
159	0	-0.837141723336432	-0	-0	0
160	0	-0.627893507888041	-1.08679463844073	-0.843067729574315	-0
161	0	-0.494375198463208	-0	-0	-0
162	0	0.803099029890415	0.416819509571809	0.427985564563299	0
163	0	-0.542544834744674	-0.112660403662746	-0	-0
164	0	0.138756550485433	0	0	0
165	0	0.256642227875127	0	-0	0
166	0	0.304611854049327	0	0.185263091154518	0
167	0	-0.387387092312891	-0	-0	0
168	0	-0.569458634328524	-0	-0.0906990305072188	0
169	0	0.425169071450662	0	0	0
170	0	0.88478515905878	0	0	0
171	0	-1.21757560328333	-0.877993839131204	-0.948032251507698	-0
172	0.999679520579276	1.60248884040394	0.4494333649113	0.195318279166971	1.00071652354911
173	0	0.31903443824439	0	0	0
174	0	1.1408581234467	1.33459670329357	1.45057061052866	0
175	0	-0.400797072840655	-0	-0	0
176	0	-0.261858612336011	-1.49515115430384	-1.16278081852159	0
177	0	0.955803776402035	0.182532597567331	0	-0.00467419516685297
178	0	0.108025951897304	0	0.402435932067661	0
179	0	0.0558805091844423	1.10268739237395	1.2447922899643	-0
180	0	0.286211746929628	0.165590828464124	0.799761948280999	0
181	0	-0.120689485414383	-0	-0	0
182	0	-0.613787368743037	-0.345946274957246	-0.297929074930238	0
183	0	0.992151095206908	1.76701409187074	0.867373176390107	0
184	0	1.11301265619445	0.793670729914956	1.06672296196488	0
185	0	1.4844706880512	1.2964796448058	1.36380651677656	-0
186	-1.09050158568771	-0.468626263168692	-0	-0.0878200268811646	-1.08525063602397
187	0	-0.859245334323557	-0	-0	-0
188	0	-1.75011322898098	-2.08446783829019	-1.80736676320013	0
189	0	-1.050679604816	-1.76562327606165	-1.36954365695043	-0
190	0	-0.0224515787066102	-0.596193471123691	-0.693152624624584	-0
191	0	-0.101273455672838	0	0	0
192	0	0.0831032688825992	0	0	-0
193	0	0.258859773803256	0	0.180657544809996	0
194	0	0.26824914038019	-0.0241913212093827	-0.442703200049648	0
195	0	-1.19616054754361	-0.475310580137235	-1.08631177254427	-0
196	0	0.329833598944177	0	0	0
197	0	0.0569483795123348	0.53181160627094	0.60831020387616	-0
198	0	0.20289599943945	0	0	-0
199	0	0.369168784209496	-0	-0	-0
200	0	0.495960406757031	0	-0	-0
201	0	0.268518233085077	0	0	0
202	0	0.777182429686744	0	-0	0
203	-0.770703487947464	-0.277087065806035	-0	0	-0.768007891359822
204	0	-0.208421120404109	-0	-0	-0
205	0	0.0618404150506757	0	0	-0
206	0	-0.0394786793763102	0	0	0
207	0	0.930113112190384	0.147378885100036	0.19825087016511	0
208	0	-0.863578148770628	-0	-0	-0
209	0	-0.0498067485059457	-0	-0.176501030297789	-0
210	0	-0.0105940729644005	-0	-0	0.00221411388813486
211	0	-0.296360326409344	0	0	-0
212	0	0.234600973482058	0	-0	-0
213	0	-0.216127176830059	-0	-0	0
214	0	-0.0408680172928163	-0	-0	0
215	0	-0.934965662798187	-0	0	-0
216	-0.0720109087575414	0.225456703302311	0	0.215543422779634	-0.0742982314963001
217	0	0.919337025746163	1.09634631200132	0.465472408867027	-0
218	-0.741488502091017	-1.49568687833772	-1.91543589570073	-1.40874778893113	-0.740178770803476
219	0	0.296437968159051	0	0	-0
220	0	0.994305541320935	0.609147700913043	0.460649452101434	-0
221	0	0.26395708116013	0	0	-0
222	0	-0.0359154083216754	-0	-0	-0
223	0	0.345465606849671	0	0.00856517763812903	-0
224	0	-0.655910264269718	-0	-0	0
225	0	0.277131164816958	0	0	-0
226	0	-0.129657436481378	0	0	0
227	0	-0.212955169420301	-0	-0	0
228	0	-0.0569845737860197	-0	-0	0
229	0	-0.59857662031156	-0.435621458837952	-0.18111069302913	0
230	0.365484687499716	-1.4819038768281	-0.516610653710865	-0.261450896743805	0.366703577335501
231	0	-2.02848453526505	-2.08637297956549	-1.93721167600791	-0
232	0	0.423376959810817	0	0	0
233	0	-0.54885148125771	-0.457662811707442	-0.447197852559746	-0
234	0	-0.251216441332188	-0	-0	0
235	0	-0.702863822214815	0	0	0
236	0	-0.321560335874311	-0	0	-0
237	0	1.02534557392434	0.749826686703237	0.283852492568109	0
238	0	0.0968219807089269	0.701899725038651	0.479239322172754	-0
239	0	1.42529892863126	0	0.266694409729521	0
240	0	-0.551029066058653	-1.1575553616524	-0.729284173510178	-0
241	0	-0.323751195055955	0	0.0153578484708454	-0.00290883853721446
242	0	0.144370916935457	1.25111283822873	1.09802054876761	0
243	0	-0.149684805829669	0	0.14220502859868	-0
244	0	-0.335787903719728	-0	-0	0
245	0	-0.384275902831294	0.148441557977787	0	-0
246	0	0.736064434397754	0.485979131110682	0.588190257773704	-0
247	0	0.567423105530896	0	0	-0
248	0	-0.267323230527068	0	0	0
249	0	-0.659473504479714	-0	-0	-0
250	0	-0.559319815766818	-1.24662729043353	-0.531303057450746	-0
251	-0.414110423018864	0.683312432930666	0	0	-0.41250613065314
252	0	0.825380097761641	0	0	0
253	0	-0.128092970489276	1.08506252298984	1.04144296353742	0
254	0	-0.259110263612664	-1.73076813853328	-1.05314194272229	0
255	0	-1.56024161885444	-1.37101152073314	-0.875099717460618	-0
256	0	0.249563927686186	0	0	-0
257	0	-1.37253633740371	-1.15982928387318	-0.758228560486254	-0
258	0	0.260993879929124	-0	0	-0
259	0	-0.297884778606732	-0	-0	0
260	0	1.12108137988295	1.50907292600446	1.17309765043971	-0
261	0	0.122997122243156	-0	0	0
262	0	-0.228624271933964	-0.807585827465491	-0.522592488771734	-0
263	0	-0.456764079522925	-1.17583333140519	-0.486343710739389	-0
264	0	0.0453392853993993	0	-0	0
265	0	0.471352130149693	0	0	0
266	0	0.831194826197822	-0	-0	-0
267	0	0.734642013878756	0	0	0
268	0	-1.06670854628034	-0	-0	-0
269	0	0.125493908166541	-0	0	0
270	0	0.160692883306916	0	0	-0.000791278755036373
271	0	-0.263749791105807	0	0	0
272	0	0.5026186625333	0	-0	-0
273	0	-0.562704989208124	0	0	-0
274	0	0.850733438938199	0.522764884279628	1.11721329820879	0
275	0	0.053793132849749	-0.0958929235818395	-0.397588134806231	-0
276	0	0.179592552038869	0	0	0
277	0	-0.429647087407112	-0	-0.115300769405351	-0
278	0	-0.428498808615872	-1.244562559935	-0.793958634645726	-0
279	0	-0.42419819959019	-0.160471119320878	-0.510729101993252	-0
280	0	-0.0269713324019991	-0	-0	-0
281	0	-1.2165402272955	-0.507727940871128	-0	0
282	0	-0.230548437877332	-0.106982044009136	-0.124349184724514	-0
283	0	0.780745492252578	0.80754216902549	0.269391845700252	0
284	0	1.30684078374078	2.67032616884723	1.80436151742753	0
285	0	0.606993847992124	0.30868445824083	0.164771676882372	0
286	0	-0.490743720321901	-0	-0	0
287	1.79797264361554	1.18888610817488	1.18796178629497	1.0544421686941	1.79773849611173
288	0	-0.169008236771	-0	-0	0
289	0	-0.233097252201442	-0	-0	0
290	0	0.101870814400921	-0	-0	-0
291	0	1.53657656315413	0.590297571809941	0.803277168506295	0
292	0	-0.335990212631734	-0	-0.540750594413915	0
293	0	-0.40918898736481	0	0	-0
294	0	0.646637329985405	0	0	0
295	0	0.778906149617892	0.443668790764436	0.215940336821541	-0
296	0	0.623765259000865	0.11261395614169	0	-0
297	0	-0.553692436302677	-0.824004930441101	-0	-0
298	0	0.139177000536832	0	0.162105035612013	0
299	0	0.342504809188263	0	0.711986840886858	0
300	0	0.836552089809127	0	0	-0
301	0	-1.539808887134	-1.90333971863418	-1.73330056532082	-0
302	0	-0.230276611677712	-0	-0	-0
303	0	1.195350231999	0.116744923207927	0	-0
304	0	0.332222365729079	0	0	0
305	-0.343096161547559	0.31069628677443	-0	0	-0.342811086249117
306	0	-0.253233853329711	-0	-0	-0
307	0	-0.267228846040885	-0	-0	-0
308	0	0.652343939676068	0	0	0
309	0	1.31517107381332	1.20353253433321	1.12564471811942	-0
310	0	0.516770408824045	0	0	-0
311	0	-0.193303024101333	0.675310034665564	0.352545804815335	-0
312	0	0.739207345127065	0.148227555263418	0.336083311405119	0
313	0	0.537903744843599	0	-0	-0
314	0	0.21996144683635	0	0	0
315	0	-0.105365078373922	0	0.557455253156354	0
316	0	0.0639140094500881	-0	-0	-0
317	0	-0.672476330583024	-1.01365258427599	-0.515451479470901	-0
318	0	0.0924134623639037	1.45461989572328	1.50367449694286	0
319	0	0.662052474431654	0.0282574168217469	0.269408166549306	0
320	0	-0.618707033919087	-0	-0	0
321	0	0.309614951742634	-0	-0	0
322	0	0.333713505501509	0	0	0
323	-0.408134646305327	-0.591744328606252	-0	0	-0.404315463795125
324	0	-1.12209310405415	-0.633274351256524	-0.846532646290591	-0
325	0	0.0289302290838503	0	0	0
326	0	1.25783608802406	0	0.233019423621451	0
327	0	0.483700751779779	0	0.303817007403179	-0
328	0	0.0790737297093561	-0.601996316598347	-0	0
329	0	0.55225262443281	0	0	0
330	0	-1.00101561463541	-1.23172351496319	-1.22728849229069	0
331	0	0.202862302956171	0	0	0
332	0	-0.726372610401169	-0.0436908389261568	-0.44696011698697	0
333	0	0.212561112928385	0	0	-0
334	0	0.665545396443839	0	0	0
335	0	0.456902878752483	0.58936070329446	0.821200095921201	0
336	0	0.100666019893854	0.554751466435826	0.343497071118605	0.00213809602663417
337	0	0.220327096772808	0	0	-0
338	0	0.120526525818602	-0	-0	0
339	0	-0.705088533902488	-0.151981349718811	-0.49735633307821	-0
340	0	-0.824777155494485	-0.904838118660459	-0.123219425266173	-0
341	0	0.287973867081486	0	0	-0
342	0	-0.0675318770447228	-0	-0	-0
343	0	0.0501958094863648	-0	-0	0
344	0	0.444309266377413	0	0	0
345	0	-0.149140832467367	-0	0	0
346	0	0.177036425130349	0	0	-0
347	0	0.762417323989085	0	0	0
348	0	0.305224979380061	0.255828090083385	0.340800755111237	0
349	0	0.128107582022057	0	0.263266909849436	0
350	0	-0.857256764671339	-0.130600774532711	-0.17748417394033	-0
351	0	0.511152912330271	0.406466113714568	0	0
352	0	-1.00612579342424	-0	-0	-0
353	0	0.995981994979837	0.0249734607307968	0	0.00173598454166779
354	0	-1.03651623213817	-0.429325022178933	-0.0679168157555186	0
355	0	-0.0637968416464144	-0	0	-0
356	-0.0531701064779737	0.115050161297814	-0	-0	-0.0495255500630911
357	0	-0.160740211359601	0	0	-0
358	0	0.65844176503287	0	0	-0
359	0	0.432714565556739	0	0	-0
360	0	-0.56067223972039	-0.756310449866865	-0.595882731275408	-0
361	0	-1.04754787328906	-0.901743021397392	-0.707479351291804	0
362	0	1.19775796014171	1.9559306555126	1.33463453352374	-0
363	0	-0.120184264240564	-0	-0	0
364	0	-0.168512352759196	-0	-0	0
365	0	0.836872077869424	0	0	-0
366	0	-0.218076218654026	-0	-0	0
367	0	-0.551422716503712	-0	-0	-0
368	0	-0.374095181559171	-0	-0.0186779392571186	-0
369	0	0.610083445287752	0	0	-0
370	0	0.521950979863415	0	0.468552316566793	-0
371	0	-0.0330290185431208	-0	-0	-0
372	0	-0.373208801673455	0	0	0
373	0	-0.959770788231521	-0	0	-0
374	0	-0.133250284427003	-0.123289222483132	-0.15012128656387	0
375	0	0.772315997345193	1.09775167710932	0.322936860472202	0
376	0	-0.411335205358593	-0	-0.330186860961682	0.00389577282275333
377	0	0.834239402697764	0	0	0
378	0	-0.882381088968378	-0.836776200965746	-1.06630920297283	0
379	0	-0.0590190974759674	0	-0	-0
380	0	-1.49939409203606	-0.714198195563432	-0	0
381	0	-0.427921563342346	0	0	0
382	0	0.0928599419584283	-0	-0	-0
383	0	0.72003664761079	0.96695800846032	0.29503172541347	0
384	0	0.267256858703422	0.727783817147349	0	0
385	0	-0.927307350442834	-0.553469629996131	-0.54327091871299	-0
386	0	-0.948907389914437	-0	-0	-0
387	0	-0.830854572449397	-0	-0.17542589963907	0
388	0	-0.469226711565804	0	0	-0
389	0	-0.208043404655562	0	0	0
390	0	-0.285101097559967	-1.17027192407817	-0.568293749243818	0
391	0	0.186343842302296	-0.420942791041181	-0	-0
392	0	-1.18511295173179	-0.654378057717329	-0.395101474935426	0
393	0	0.267399917708058	0	0	-0
394	0	0.341046887943185	0	0	-0
395	0	0.244427075681969	0	0	0
396	0	-0.210487845008789	0	0	-0
397	0	0.834260608695735	0.843793639224385	0.543038891672767	-0
398	0	0.431845644522948	0	0.0242323452898354	0
399	-0.812310619223177	0.500554635413789	-0	-0	-0.811081186599248
400	0	0.138848147814668	-0	-0	-0
401	0	-0.339792856374819	-0	-0	-0
402	0	-0.784026470781313	-0	-0.0445100700570951	0
403	0	-0.374979336504995	-0.484469161187278	-0	0
404	0	0.506233039984917	-0	0	-0
405	0	0.645102109360553	0	-0	0
406	0	-0.0336832784171575	0	0	0
407	0	-0.237665674511042	-0	-0.0695813198971802	-0
408	0	-0.0362966016727588	0	0	-0
409	0	0.362301893950665	-0	-0	0
410	0	0.778136821738098	1.06524357785479	0.411219888915451	-0
411	0	-0.575866691080526	-0	-0	0
412	0	0.582929876823586	0.0249548610650159	0.134530636242539	0
413	0	-0.549848631459852	-0.140147462675692	-0	-0
414	0	-0.954428883315579	-0.490027297279031	-0.146325013437568	-0
415	0	-1.4895666850308	-1.08118759400211	-1.40124876365857	0
416	0	-0.0727162291717724	-0	-0.175852079456797	0
417	0	1.17755663085594	2.09507747216292	0.725901193264479	0
418	0	-0.14044864376732	0	0	0
419	0	-0.35687924505184	-0	-0	-0
420	0	-0.133599767049165	-0.704355562715557	-0.334260096682003	0
421	0	0.544574312471619	0	0	0
422	0	0.694070228321709	0	0	0
423	-0.733081093453496	-0.0274367273338193	-0	-0	-0.730712843006565
424	0	-0.0936540339570415	0	0	-0
425	0	-0.213913017666839	0	0	0
426	1.05160824704598	1.40154333338474	0.916607173521703	0.8622531853306	1.04965489412706
427	0	-1.44597307401553	-0.979985637511627	-0.471170876906301	-0
428	0	-0.370288041190181	-0.742199079650783	-0	0
429	0	0.102500405415112	-0	-0	0
430	0	0.179978137707658	-0	-0	-0
431	0	1.3825017795709	1.87167027761971	2.32144681271061	0
432	0	0.726031608766166	0.356239475449192	0.463990472903721	-0
433	0	-0.486596935043695	-0	-0	0
434	0	0.119777263901399	0	0	0
435	0	-0.238148060619631	0	0	0
436	0	0.308432776880432	0	-0	-0
437	0	-0.353906698877106	0	0	0
438	0	0.592897261155841	0	0	-0
439	0	-0.585826132088494	-0	-0	-0
440	0	-0.396802972554575	-0	0	0
441	0	0.106425932591957	0	-0	-0
442	0	0.51869362953939	-0	-0.123112321184045	-0
443	0	-0.338096562809859	-0	-0.268021458870722	-0
444	0	0.746678335316945	0.301157410592213	0.495904671951322	0
445	0	0.352062817656044	-0	-0	-0
446	0	0.0378328598753842	0	0.614254429956031	0
447	0	0.481299390164245	0	0	-0
448	0	-0.465007243278612	-0	-0	0
449	-0.13844401395598	0.473512448957864	0.976508491502395	0.69623741148267	-0.139236213336797
450	0	0.72085349879581	0.782859557090948	0.312766229284794	-0
451	0	0.243695448521353	-0	-0	0
452	0	0.195738346177621	0	0	-0
453	0	-0.765875995150019	-0.931450417849749	-0.239262640769367	-0
454	0	-0.269191960398259	-0	-0	-0
455	0	1.12897386176144	0.642879457248615	0	0
456	0	0.44185102114948	-0	-0	-0
457	0	0.649169699472964	0	0.195934637636556	0
458	0	0.508606450355185	0.170297987363202	0.152860281608028	-0
459	0	-0.503546422401503	0	-0	0
460	0	0.534538041717337	0	0	-0
461	0	-0.135197781678791	-0	-0	-0
462	0	-0.450242588807101	0.69505315622968	0.324003713696845	-0
463	0.42533973498641	-0.176070366327843	0	0	0.427846819219416
464	0	0.226188936386741	1.01489713621898	0.788445689883167	-0
465	0	-0.308661449002873	-0	0	-0
466	0	0.461899251319217	1.20545010596128	0.77904265227831	0
467	0	0.151906798560825	0	0.400714110479658	0
468	-0.0966423221474193	0.111559352480905	-0	0	-0.0983418371948073
469	0	-0.240324189889318	-0	-0	0
470	0	-1.46583188834855	-1.86840049963635	-1.10982633486592	0
471	0	0.398871650052359	-0	-0	-0
472	0	-0.164153548413165	0	0	-0
473	0	-0.118957376775596	0	0.319447197039812	0
474	0	0.849648464492169	0	0	0
475	0	0.577586240764509	1.3378131212633	0.912143114777916	0
476	0	0.461778361356634	0	0	0
477	0	0.216353155644653	-0	-0	0
478	0	0.595776209692933	0.810036244722104	0.539578382004919	0
479	0	0.75696418103822	0.331029040458102	0	0
480	0	0.674655575317992	-0	-0	-0
481	0	-0.464407709327921	0	0	0
482	0	-0.410685745126527	0	0	-0
483	0	0.756661487286189	0.383616863717947	0.645451061295528	-0
484	0	0.236962129561075	-0	0	0
485	0	0.324369972510775	0	0	0
486	0	-0.797085276867679	-0	-0	-0
487	0	1.22248611287212	0.76655893403777	0.728588522535933	0
488	0	-0.950867834227595	-0	-0.333800911723964	-0
489	0	-0.249366882341508	-0	-0	-0
490	0	-0.629655634118098	-0	0	-0
491	0	0.191641771119118	-0	-0	0
492	0	0.392925020166319	0.521664064240547	0.276094202568922	0
493	0	-0.941459250089569	-1.00936117528313	-0.481790478819303	-0
494	0	0.413879501289167	0	0.166445162258514	0
495	0	0.464044443452327	0	0	0
496	0	-0.343357800497894	-0	-0.249683249087772	-0
497	0	1.41972819401191	0	0.33780889013485	0
498	0	-0.676861489466807	-0.20315981118998	-0.392667508081059	0
499	0	-0.0874024757422303	0	0.486571222859524	0
500	0	-0.752096487380881	0	0	0
