i	xhat	x_rek	x_srk	x_gerk_ad
1	0	-0.0351822328240951	-0	0
2	0	0.0693832788628265	0	0
3	0	0.052583362161195	0	0
4	0	-0.157401524592032	0	0
5	0	-0.057111043212956	-0.331024594038009	-0
6	0	0.103970551375949	0.641069113978147	0
7	0	-0.156277251810229	-0.611919080054724	-0
8	0	0.112895195809436	0	0
9	0	-0.0619930123660795	-0.502696902519247	0
10	0.0380781968087268	-0.113577814692865	-0	0.0381300108343696
11	0	-0.0195076340290917	-0	0
12	0	0.0107801588214411	0	0
13	0	0.0242204837864807	0	-0
14	0	-0.0601669725470098	0	-0
15	1.92622504896627	0.894688763835755	0.934889758270305	1.92649555534778
16	0	-0.181233074971524	-0	0
17	-0.0175414474590896	-0.175855581566222	0	-0.0179878160127283
18	-0.442942490939643	-0.277078105644142	-1.05322177485448	-0.443324724842699
19	0	-0.132359126441077	0	-0
20	0	0.0343848976899519	0	-0
21	0	0.0587648330305156	0	0
22	0	-0.129517883257817	-0	0
23	0	-0.0445608721420096	0	0
24	0	0.0913027706535926	0	0
25	0	0.0409185900197375	0	0
26	0	-0.0693103800075538	0	-0
27	0	0.0723944139823985	0.624362520474778	0
28	0	-0.0714634888122645	-0	0
29	0	-0.0297311619217215	0	0
30	0	0.087505322252551	-0	0
31	0	-0.0649228420830828	0	0
32	0	-0.0680494659943447	0	-0
33	0	0.0231461846460635	-0	-0
34	0	0.0636805484865661	0.35499339318235	-0
35	0	-0.0301764355255327	-0.504843788755111	0
36	0	-0.0308077915863858	0	-0
37	0	-0.00217098874578847	0	-0
38	0	0.194271875565522	0	0
39	0	0.160143015682668	-0	0
40	0	0.0234211786571383	-0	-0
41	0	-0.00514014820557368	0	0
42	0	0.0315714922664472	0.681046033736286	-0
43	0	-0.0019316208211301	0	0
44	0	0.0537606329116761	-0.58053013211382	-0
45	0	-0.011193379181408	-0	-0
46	0	-0.119285648633035	-0	-0
47	0	0.00321861625099437	-0	-0
48	0	0.0250309181871992	-0	-0
49	0	0.000749264044419486	0	-0
50	0	-0.00252768902803467	-0.30998262466527	0
51	0.750849442057728	0.466089707694007	0	0.750629304252069
52	0	0.114269342795597	0	0
53	0	0.0913473224935453	0	-0
54	0	-0.0571454626008734	-0	0
55	0	-0.0962120785030192	-0	-0
56	0	-0.0343456057238449	0.157071178294769	0
57	0	-0.103974544569929	-0	-0
58	0	0.0456808109234702	0	-0
59	0	0.0168729661466089	-0	-0
60	0	-0.0881728014389182	-0	-0
61	0	0.0731932417712974	0	-0
62	0	-0.170193868435861	0	-0
63	0	0.0130650663240075	-0	0
64	0	-0.100403652749373	0.265815633361961	-0
65	0	0.114851530310333	0	0
66	0	-0.141843713809754	-1.43738085690031	-0
67	0	-0.0303255412751216	-0	0
68	0	0.0558879964331587	-0	-0
69	0	-0.049492456333186	0	0
70	0	-0.202897124165514	-0.49075304297268	-0
71	0	-0.0827359376591641	0	0
72	0.078665361111307	0.153981086105365	0	0.0789218674883276
73	0	-0.0360370007127261	0	-0
74	0	0.0790123599672358	0	0
75	0	-0.00649659537574833	0	0
76	0	-0.166130620449358	-0	-0
77	0	-0.00141702714754387	0	0
78	0	0.000278372946224079	-0	0
79	0	-0.0317583097833778	0	-0
80	0.108547671699379	-0.0787309803322768	-0	0.108345067793842
81	0	0.039039681309851	-0	0
82	1.01093813038507	0.324876330039366	0	1.01096164881717
83	0	-0.0625132996334709	0	-0
84	0	0.120561106490848	-0	0
85	0	0.135440465951697	0	0
86	0	-0.0405607739342307	-0	-0
87	0	-0.103400549508584	-0	-0
88	0	-0.0175352938962486	0	-0
89	0	-0.0296071570148313	-0	-0
90	0	0.0525451608099794	0	0
91	0	-0.0459669627143025	0	-0
92	0	-0.0839211738227445	-0	-0
93	0	0.0220854617863067	0.523763723558257	0
94	0	0.0519521323420842	0	-0
95	0	-0.044437619776121	-0	0
96	0	0.0746197040226103	-0	0
97	0	-0.0536533686138735	-0	-0
98	0	-0.0803210849786509	0	0
99	0	-0.045766651772082	-0.100229664165625	-0
100	0	0.127364500025075	-0	0
101	0	0.162186260997218	0	0
102	0	0.093273647141831	-0	0
103	0	-0.126816637551085	-0	-0
104	0	-0.0977683089057602	0	-0
105	0	0.127126327948325	-0	0
106	0	-0.0196786420198499	-0	0
107	0	0.000260168472659854	-0	-0
108	0	0.19910153383073	0	0
109	0	-0.0312379986308332	0	0
110	0	-0.0352066810899186	-0	-0
111	0	-0.132593808828603	0	-0
112	0	-0.00989720811117103	-0	-0
113	0	0.0825587235208628	-0	-0
114	0	0.198317512526786	1.3920170078648	0
115	0	0.0907726553859069	-0	-0
116	0	-0.112632738961835	0	-0
117	0	0.0299452718470762	0.557486477613025	0
118	0	-0.0398392425325634	-0	0
119	0	0.109562431559445	-0	0
120	0	-0.0191169532927929	0	0
121	0	0.0250774810326415	-0	0
122	0	-0.0557131265289743	0	-0
123	0	-0.052331041641456	0	0
124	0	0.0954728575146912	0	0
125	0	0.110981238767289	-0	-0
126	0	-0.0798114574365337	-0	-0
127	0	0.0323143169740094	0	0
128	0	0.0200164364361102	-0	0
129	0	-0.0158331640521278	0	0
130	0	-0.0416564928529093	0	-0
131	0	-0.0640251412101316	-0	-0
132	0	-0.0151931410917811	-0	-0
133	0	-0.067745347417653	-0	-0
134	0	0.0247678879393606	-0	0
135	0	-0.0688013059491135	-0	-0
136	0	0.148050803759399	0.640587914845824	0
137	0	-0.0923052573881746	-0	-0
138	0	0.140219017995241	0	-0
139	0	-0.0145926211990121	0	-0
140	0	0.0525633124842231	0	0
141	0	-0.235374632354657	-0	-0
142	0	0.116773571988026	-0	0
143	0	0.121524999432033	-0	0
144	0	-0.0420857988691538	-0	-0
145	0	0.0498747214901716	-0.734203650124098	0
146	0	-0.0130181875525745	-0.986390573194425	-0
147	0	0.0821696152956285	0	0
148	0	-0.113404992458793	-0	0
149	0	0.0161379182724087	0	0
150	0	-0.0184792092668718	-0	0
151	0	0.0275040731533609	-0.508489878102689	0
152	0	-0.0212872401929487	-0	0
153	0	0.000713031667061287	0	-0
154	0	0.0574996662967734	0	0
155	0	-0.0962959291619636	-0	-0
156	0	-0.0387788916134557	0.455578805424897	0
157	0	0.133760049749757	0	0
158	0	-0.0854574810063167	-0	-0
159	0	-0.0125862905547867	0	0
160	0	-0.0176903214722288	0.3561507539285	-0
161	0	0.0131681421318278	-0	-0
162	0	-0.0641130274618531	-0	0
163	0	0.0798282504279055	0	-0
164	0	-0.0142875368989453	0	0
165	0	0.137213517770104	-0	0
166	0	0.0913882266498913	0	0
167	0	-0.0354324520653566	0	0
168	0	0.0238562213321351	0	0
169	0	0.0849317756661259	0	0
170	0	0.0457311225460774	1.84998380693965	0
171	0	-0.0654369097746124	-0	-0
172	0.999679520579276	0.36576468183534	1.13947240495734	0.999881138677655
173	0	0.104765860530255	0	0
174	0	0.102711481196223	0	0
175	0	0.0653073847732943	-0	0
176	0	0.0161020430541671	0	0
177	0	-0.0896118992503563	-0	-0
178	0	-0.0344842566682131	0.848783570203155	0
179	0	0.0753618533100535	0	0
180	0	0.144542032600831	0	0
181	0	-0.0188022132505856	0	0
182	0	-0.0250172274217564	-0.10960971667578	0
183	0	-0.0734135453186111	-0	-0
184	0	0.0565724969051089	-0	0
185	0	0.0540907836513141	-0	-0
186	-1.09050158568771	-0.500584393088931	-0.0110156076075842	-1.09050106604355
187	0	0.078595377010992	-0	-0
188	0	0.0713021150249032	0.0541082565177513	0
189	0	0.0130921568327061	-0	-0
190	0	-0.0875139177477665	0	-0
191	0	0.0208683880338847	0	0
192	0	0.0478479816085273	0	-0
193	0	0.0838744680338833	0	0
194	0	0.0702306545367759	0	0
195	0	-0.0277490458831253	0	-0
196	0	0.172272421184251	0	0
197	0	0.076141226832223	0	-0
198	0	-0.111952348619695	-0	-0
199	0	-0.074127910001351	0	-0
200	0	-0.11485970479624	-0	-0
201	0	0.0137538415642698	0	0
202	0	0.137744034429031	0.30843254305803	0
203	-0.770703487947464	-0.4987478317396	-0.793725333333198	-0.77122034552184
204	0	-0.0215803410755564	-0	-0
205	0	-0.0474244743971243	-0	-0
206	0	0.0795021086703107	0	0
207	0	0.0606453867173305	0	0
208	0	-0.109897695479692	-0	-0
209	0	-0.00319218012879862	0	-0
210	0	0.308589422972811	0.713415976895021	0
211	0	-0.00031278104747102	0	-0
212	0	0.0260745912285702	-0	-0
213	0	-0.0489748505139834	-0	0
214	0	0.101505265135682	0.788249236228095	0
215	0	0.179670684245213	0.17330036250253	0
216	-0.0720109087575414	-0.00271639247985881	-0	-0.0721264673980349
217	0	-0.105557783351812	0	-0
218	-0.741488502091017	-0.31094770324289	-0.230273433955612	-0.742161752157156
219	0	-0.043904961475088	0	-0
220	0	0.0169295293974286	0	-0
221	0	0.0602268849745623	-0	-0
222	0	-0.180109280415511	-0	-0
223	0	0.0625525199222604	-1.0013721055193	-0
224	0	-0.0520907242731708	-0	0
225	0	-0.073506993937704	-0	-0
226	0	0.0859428919884768	-0	-0
227	0	-0.00624916851497975	-0	0
228	0	0.0633701096187235	-0	0
229	0	-0.056002221939475	1.0946482272749	0
230	0.365484687499716	0.137776072243301	0	0.365770167718268
231	0	-0.0717624288280438	-0	-0
232	0	-0.108645756884665	-0	0
233	0	-0.0272138633132449	-0	0
234	0	0.100310584287831	-0	0
235	0	0.0116935444312606	-0	0
236	0	0.013643964835705	-0	-0
237	0	0.156147003956649	0	0
238	0	0.140223701180433	0.671505381871677	-0
239	0	0.0919831808380899	0	0
240	0	-0.0633465130572714	-0	-0
241	0	-0.0251288616855982	0	-0.000260091664255668
242	0	0.0504879487652975	-0.501561277575403	-0
243	0	0.0180836221360806	0.115066113996178	-0
244	0	0.00810351453515514	0	0
245	0	0.147196724038187	-0	0
246	0	0.00831867615454038	-0	-0
247	0	-0.0349766884116097	0	-0
248	0	0.0311918512664095	0	0
249	0	0.100793288486955	-0	0
250	0	-0.0233134789755554	0	-0
251	-0.414110423018864	-0.254239663730893	-0.280123575311025	-0.414242556048942
252	0	-0.0435489949909476	-0	0
253	0	-0.0813536824668582	-0	0
254	0	0.032410833056783	0	0
255	0	0.0410462260474075	0	-0
256	0	0.0250626609554322	0	-0
257	0	-0.0523723508965864	-0.520294490104255	-0
258	0	0.0650956983968734	-0	-0
259	0	0.0913203677478744	-0	0
260	0	0.0252748714676457	0	-0
261	0	-0.122470817226294	-0	-0
262	0	-0.101772223204453	-0.555173132969156	-0
263	0	0.0725730038385208	0	-0
264	0	0.0505435319441547	-0.0917384031245874	0
265	0	-0.0100901708997057	0	0
266	0	0.00387863055091785	-0	-0
267	0	0.00822180895038612	0	0
268	0	-0.119582814785469	-0	-0
269	0	0.0309872366059074	-0	0
270	0	-0.186368837204015	-0.00176687861256841	-0
271	0	-0.025342576552602	0	0
272	0	0.0665655982452222	0	-0
273	0	-0.0247973106808872	-0	-0
274	0	0.0253735953515919	-0	0
275	0	0.011244616975421	0	-0
276	0	0.0441490579151395	-0	-0
277	0	-0.259273651233267	-0	-0
278	0	0.0726570253918789	0	-0
279	0	-0.0237653001282505	0	-0
280	0	-0.1275829038988	0	0
281	0	0.0336321132508443	0	0
282	0	0.0339607248875659	0	-0
283	0	-0.0705754196493422	0	-0
284	0	0.200727858266609	0.382813182479008	0
285	0	0.128646469103523	0	0
286	0	0.115468330846481	-0.554213408272827	0
287	1.79797264361554	0.895785667093493	2.786476430571	1.7980080187415
288	0	0.0713362988881093	-0	0
289	0	-2.31106792301785e-05	-0	0
290	0	0.148967974223843	0	-0
291	0	0.0685845029226629	0	0
292	0	0.0436754168675597	-0	0
293	0	0.0580767705317054	-0	-0
294	0	-0.000821991686548447	-0	0
295	0	-0.054351326764059	0	-0
296	0	-0.174713834858154	-0	-0
297	0	-0.0502943501378881	0	-0
298	0	0.201571418024125	0	0
299	0	0.105251002373262	-0	0
300	0	0.0302199270851858	-0	-0
301	0	0.00228960156593509	-0	-0
302	0	-0.131628344229236	-0	-0
303	0	0.000218704047066958	0	-0
304	0	0.0496595934602231	-0	0
305	-0.343096161547559	-0.289451122191977	-0	-0.343127147277187
306	0	-0.108540922229465	-0	-0
307	0	0.0639430326003828	1.06797326850133	-0
308	0	-0.0309804139842874	0	0
309	0	-0.0608813658059997	-0	-0
310	0	-0.00695530139100841	0	-0
311	0	-0.0567499749388689	-0	-0
312	0	0.0785169545020177	0.135168264728508	0
313	0	0.0769937315976065	-0	-0
314	0	0.0708193260278871	0	0
315	0	0.189567638610388	0.0689979245891355	0
316	0	0.0159606193917401	0	-0
317	0	-0.0395158273006572	-0	-0
318	0	-0.0307001963671046	-0	0
319	0	0.0182821347755387	0	-0
320	0	0.108323558628234	0.930307842669204	0
321	0	0.0258228011100281	0.304768478409581	0
322	0	0.0899033680321139	0	0
323	-0.408134646305327	-0.0991908619273288	-0	-0.407939599545286
324	0	-0.0493163396122295	-0	-0
325	0	0.0698037613327544	-0	0
326	0	-0.00261475557879721	0	-0
327	0	-0.104119919666751	0	-0
328	0	0.155918786745155	0.130531497837361	0
329	0	0.0195688915012494	-0	0
330	0	0.0614595410837441	-0	0
331	0	0.141005050714843	0	0
332	0	0.0565736034988874	0	0
333	0	0.0752403120420441	0	0
334	0	0.162059040385482	-0	0
335	0	-0.0557088282357882	-0	0
336	0	0.0169948900817414	-0	0
337	0	-0.0396777676904527	-0	-0
338	0	0.0675130699553429	-0	0
339	0	-0.053103223587715	0	-0
340	0	-0.107994140561408	0	-0
341	0	-0.101776085887782	-0	-0
342	0	-0.215464328327546	-0	-0
343	0	-0.108762108834965	-0	0
344	0	0.112094382126987	0	0
345	0	-0.00838024957367452	0	0
346	0	-0.0960892952873443	-0	-0
347	0	-0.0313310377991242	0	0
348	0	0.0134813338392039	-0	0
349	0	-0.0227163941997868	0	0
350	0	-0.0278947515969952	-0	-0
351	0	0.128193179368929	0	0
352	0	-0.0610108696713027	-0.114075882682673	0
353	0	0.0265827364717092	-0	0
354	0	-0.0434496608813081	0	0
355	0	-0.169334519873168	0	-0
356	-0.0531701064779737	0.139662059741697	0.410791602776672	-0.0526559202226364
357	0	-0.0710222703450444	-0	-0
358	0	-0.0244165582180862	0	-0
359	0	-0.0766987960212018	-0	-0
360	0	-0.0474531020347666	-0	-0
361	0	0.0372469656065026	0	0
362	0	-0.198488430025818	0	-0
363	0	0.0170633609934202	-0	0
364	0	0.0780651453473292	0.453834874655473	0
365	0	0.0671928234820184	0	-0
366	0	-0.0557638484396799	0	0
367	0	0.111238158129621	0	-0
368	0	-0.131895023968962	-0	0
369	0	-0.0155115448849928	-0	-0
370	0	-0.0149637908645937	-0	-0
371	0	-0.0186330549115543	-0	-0
372	0	-0.12008708708283	0	0
373	0	0.00326989255398957	0.755377823711492	-0
374	0	0.141206690470388	-0	0
375	0	0.100453015686918	0.0329357747040815	0
376	0	0.0629827114270746	0	0
377	0	-0.00533760083536541	0	0
378	0	0.0328146589019885	0	0
379	0	-0.0289908954579879	-0	-0
380	0	0.0481047816448607	0	0
381	0	-0.11809526375419	-0	-0
382	0	-0.0251261139994545	0	-0
383	0	0.152826532680566	0.828408107451945	0
384	0	0.0231751315535591	-0	0
385	0	-0.101451992078373	-0.366738505583056	-0
386	0	0.0104167023567818	-0	-0
387	0	-0.0141988268621069	-0	0
388	0	-0.153664858392484	0	-0
389	0	-0.0169329964546351	0	0
390	0	-0.00155016574695993	0	0
391	0	0.00631911825184809	0	-0
392	0	-0.034456284946619	-0	0
393	0	0.0924776591263744	0	-0
394	0	-0.176320190365549	-0.78647814205496	-0
395	0	0.0126724655965306	-0	0
396	0	0.141446302094465	0	-0
397	0	-0.0249949878759341	-0	-0
398	0	-0.0960713622652001	-0.09176952189737	0
399	-0.812310619223177	-0.417569283429778	-0	-0.812558477874508
400	0	-0.0732799614359873	-0	-0
401	0	0.026047080879032	-0	-0
402	0	0.0745520542790023	-0	0
403	0	0.161834865089649	0	0
404	0	0.0180476240272285	0	-0
405	0	0.041899584432892	-0	-0
406	0	0.076629776583007	-0	0
407	0	0.0384575961630918	0	-0
408	0	0.00222743911451675	0	-0
409	0	-0.0814144956795002	-0	0
410	0	-0.0624438635742652	-0	-0
411	0	0.101395801080383	0	0
412	0	0.165466505791581	-0	0
413	0	0.0865470812540558	0.302402293567251	-0
414	0	-0.00948898818877544	-0	-0
415	0	-0.0507334534005901	0	0
416	0	0.114534744867722	0	0
417	0	0.0939380834960546	0	0
418	0	-0.0175716746735486	-0	0
419	0	-0.00303301364268676	-0	-0
420	0	0.18854464779241	0	0
421	0	0.189235073096318	0	0
422	0	0.191720592055883	-0	0
423	-0.733081093453496	-0.337562262442472	-0.489227380548061	-0.733053309348102
424	0	-0.0883371950792071	0	-0
425	0	0.218646415527969	0	0
426	1.05160824704598	0.540769693227811	0.245148146902692	1.05178906266122
427	0	-0.0285442199923389	-0	-0
428	0	0.0598447418935515	0	0
429	0	0.00567099069863672	-0	0
430	0	-0.0654460957840072	0	-0
431	0	0.0453713239326795	-0	0
432	0	0.0204959502067078	-0	-0
433	0	0.0512663720379021	0	0
434	0	0.00256962669367563	0	0
435	0	0.0297152853594973	0.456827853835545	0
436	0	-0.0478550890770952	-0	-0
437	0	-0.0936081978655781	-0	0
438	0	-0.102392873637054	-0	-0
439	0	-0.0664608029168092	-0	-0
440	0	0.0935909468435895	-0.81820797698316	0
441	0	-0.147888985503937	-0	-0
442	0	0.0662099474417063	0	-0
443	0	0.0325755212882632	0	-0
444	0	0.0428915681397716	0	0
445	0	0.125405937942483	0	-0
446	0	0.0333691739362808	0.763538126267591	0
447	0	-0.0248054931402408	-0	-0
448	0	0.0588806459522388	0	0
449	-0.13844401395598	-0.0165216896065243	-0	-0.138130799405809
450	0	-0.072128230121515	0	-0
451	0	0.0509986803457098	0	0
452	0	0.0647055719944166	0	0
453	0	-0.0421490330975009	-0	-0
454	0	-0.0418084397849879	0.211628498731569	-0
455	0	-0.0153871613894456	0	0
456	0	-0.0276435530091075	-0	-0
457	0	0.0759495868245867	-1.6972227749058	0
458	0	-0.0457269443283547	-0	-0
459	0	0.108695920523335	0.953268615187627	0
460	0	-0.00869168076346032	-0	-0
461	0	0.143520937650914	0	-0
462	0	-0.0826986888574794	-0	-0
463	0.42533973498641	0.175960341091364	0.161882570858401	0.424986009976235
464	0	0.0584606690422618	0	-0
465	0	0.0242730295443616	-1.09410912533242	0
466	0	-0.0531428365763876	-0	0
467	0	-0.0528265897359521	-0	0
468	-0.0966423221474193	-0.0327766712363807	-0	-0.0966011261613513
469	0	0.123386128374963	-0	0
470	0	-0.0405781484882519	0	0
471	0	-0.215358532302553	0	-0
472	0	0.0264007760655151	-0	-0
473	0	0.0326525809312889	-0	0
474	0	0.0152651550497029	-0	0
475	0	-0.0657707067585976	0	-0
476	0	0.00416588074306175	0	0
477	0	0.117541346084771	0	0
478	0	-0.0326572263537413	0	0
479	0	0.124207886100252	0	0
480	0	0.034676893304842	-0	0
481	0	0.0677535098563153	0	0
482	0	-0.0688443155724553	-0	0
483	0	0.0225877545705576	-0	-0
484	0	0.0775825870880229	-0	0
485	0	0.0627063568886238	-0	0
486	0	-0.125565531550754	0	-0
487	0	0.0413862363239016	0	0
488	0	-0.0763404805002252	-0	-0
489	0	-0.166396442684383	-0	-0
490	0	-0.074031802460013	-0	-0
491	0	-0.0174864911148655	-0	-0
492	0	-0.0402557045356925	0	0
493	0	-0.0905245993528228	-0	-0
494	0	0.0476401926225946	0	0
495	0	0.00531002478149557	0	0
496	0	-0.121573603224036	-0	-0
497	0	0.00374940556042868	-0.511380255266799	-0
498	0	-0.0272010893365108	0	0
499	0	0.133657706480869	-1.65581716604037	0
500	0	0.049263538572875	-0.0926390530885266	0
